Model: BNB
Average Matthews Correlation Coefficient: 0.2553
Confusion Matrix:
[[ 45   7  16   1   1   2   0  27   7  10   4   0]
 [  0   0   0   0   0   1   0   4   0   0   0   0]
 [ 12   4  14   0   1   4  10  28   4   0   0   3]
 [  0   0   0   1   1   0   0   3   0   0   0   0]
 [  1   0   0   2   0   0   0   2   0   0   0   0]
 [  2   0   0   0   0  39   0  65   9   0   0   0]
 [  2   1   5   0   0   2   1   8   6   0   0   0]
 [  8   1  24   0   0  42   7 204  18   0   2  14]
 [  7   0   6   0   0  18   3  69  40   1   3   3]
 [  0   0   0   0   0   0   0   5   0   0   0   0]
 [  0   0   4   0   0   1   1   4   0   0   0   0]
 [  5   5   2   0   0  19   1  72   2   2   3  64]]
Classification Report:
              precision    recall  f1-score     support
2              0.566190  0.375000  0.447399   24.000000
3              0.000000  0.000000  0.000000    1.000000
4              0.177439  0.175000  0.173441   16.000000
6              0.100000  0.200000  0.133333    1.000000
7              0.000000  0.000000  0.000000    1.000000
9              0.339416  0.339130  0.299474   23.000000
11             0.033333  0.040000  0.036364    5.000000
13             0.425963  0.637500  0.499850   64.000000
14             0.475877  0.266667  0.333885   30.000000
16             0.000000  0.000000  0.000000    1.000000
17             0.000000  0.000000  0.000000    2.000000
99             0.766323  0.365714  0.494125   35.000000
accuracy       0.438424  0.438424  0.438424    0.438424
macro avg      0.240378  0.199918  0.201489  203.000000
weighted avg   0.457439  0.401970  0.394172  203.000000

Model: RFC
Average Matthews Correlation Coefficient: 0.2909
Confusion Matrix:
[[ 55   0   3   0   0   2   0  41  11   0   0   8]
 [  0   0   0   0   0   0   0   1   1   0   0   3]
 [  8   0   2   0   0   6   1  48   7   0   0   8]
 [  1   0   0   0   0   0   0   0   3   0   0   1]
 [  0   0   0   0   0   0   0   2   2   0   0   1]
 [  5   0   0   0   0  23   2  50   5   1   0  29]
 [  3   0   1   0   0   2   0  12   5   0   0   2]
 [  7   0   9   2   0  16   1 214  25   1   0  45]
 [ 10   1   5   1   0   6   2  56  47   0   0  22]
 [  2   0   0   0   0   0   0   1   0   0   0   2]
 [  1   0   0   0   0   0   0   4   1   0   0   4]
 [  5   0   3   0   0   1   0  53   7   0   0 106]]
Classification Report:
              precision    recall  f1-score     support
2              0.571894  0.458333  0.506688   24.000000
3              0.000000  0.000000  0.000000    1.000000
4              0.068571  0.025000  0.036439   16.000000
6              0.000000  0.000000  0.000000    1.000000
7              0.000000  0.000000  0.000000    1.000000
9              0.427980  0.200000  0.270705   23.000000
11             0.000000  0.000000  0.000000    5.000000
13             0.458287  0.668750  0.536288   64.000000
14             0.418421  0.313333  0.355440   30.000000
16             0.000000  0.000000  0.000000    1.000000
17             0.000000  0.000000  0.000000    2.000000
99             0.522965  0.605714  0.526583   35.000000
accuracy       0.458128  0.458128  0.458128    0.458128
macro avg      0.205676  0.189261  0.186012  203.000000
weighted avg   0.417995  0.440394  0.405841  203.000000

Model: XGB
Average Matthews Correlation Coefficient: 0.2774
Confusion Matrix:
[[  8   0   0   1  48   0   3   0   0   0   0   0]
 [  0   0   0   0   3   0   0   0   0   0   0   0]
 [  0   0   0   0   2   0   0   0   0   0   0   0]
 [  1   0   0   0  12   0   0   0   0   0   0   0]
 [ 13   0   0   2 229   0  10   0   0   0   0   0]
 [  0   0   0   0   2   0   0   0   0   0   0   0]
 [  3   0   0   0  86   0  75   0   0   0   0   0]
 [  0   0   0   0   0   0   0   0   0   0   0   0]
 [  0   0   0   0   0   0   0   0   0   0   0   0]
 [  0   0   0   0   0   0   0   0   0   0   0   0]
 [  0   0   0   0   0   0   0   0   0   0   0   0]
 [  0   0   0   0   0   0   0   0   0   0   0   0]]
Classification Report:
              precision    recall  f1-score  support
2              0.202857  0.100000  0.133110     16.0
3              0.000000  0.000000  0.000000      1.0
4              0.000000  0.000000  0.000000      1.0
6              0.000000  0.000000  0.000000      5.0
7              0.409561  0.715625  0.520803     64.0
9              0.000000  0.000000  0.000000      1.0
11             0.752848  0.428571  0.542654     35.0
13             0.000000  0.000000  0.000000      0.0
14             0.000000  0.000000  0.000000      0.0
16             0.000000  0.000000  0.000000      0.0
17             0.000000  0.000000  0.000000      0.0
99             0.000000  0.000000  0.000000      0.0
micro avg      0.434868  0.507317  0.468059    123.0
macro avg      0.113772  0.103683  0.099714    123.0
weighted avg   0.453718  0.507317  0.442716    123.0

Model: KNN
Average Matthews Correlation Coefficient: 0.2010
Confusion Matrix:
[[ 52   0   4   0   0   9   0  40   6   0   2   7]
 [  0   0   0   0   0   1   0   3   0   0   0   1]
 [  3   2   3   0   0   9   1  50   4   0   0   8]
 [  1   1   0   0   0   0   0   2   1   0   0   0]
 [  0   0   1   0   0   1   0   3   0   0   0   0]
 [  3   0   2   0   0  26   0  62   2   0   0  20]
 [  1   0   0   0   0   5   1  12   0   0   0   6]
 [  3   4   6   0   0  49   0 208  21   0   0  29]
 [  1   2   2   0   0  42   1  51  37   0   0  14]
 [  0   0   0   0   0   2   0   2   0   0   0   1]
 [  2   0   0   0   0   1   0   6   0   0   0   1]
 [  1   0   5   0   0  19   0  88  12   1   0  49]]
Classification Report:
              precision    recall  f1-score     support
2              0.786263  0.433333  0.553266   24.000000
3              0.000000  0.000000  0.000000    1.000000
4              0.105556  0.037500  0.054182   16.000000
6              0.000000  0.000000  0.000000    1.000000
7              0.000000  0.000000  0.000000    1.000000
9              0.151404  0.226087  0.165692   23.000000
11             0.100000  0.040000  0.057143    5.000000
13             0.409326  0.650000  0.487207   64.000000
14             0.472853  0.246667  0.309817   30.000000
16             0.000000  0.000000  0.000000    1.000000
17             0.000000  0.000000  0.000000    2.000000
99             0.432333  0.280000  0.280486   35.000000
accuracy       0.369458  0.369458  0.369458    0.369458
macro avg      0.204811  0.159466  0.158983  203.000000
weighted avg   0.394363  0.370443  0.337609  203.000000

