Model: BNB
Average Matthews Correlation Coefficient: 0.1916
Confusion Matrix:
[[ 37   2   9   0  15   8   5  13  11  18   2   0]
 [  0   0   0   0   0   4   0   1   0   0   0   0]
 [  9   0  11   0   9  13  10  16   7   4   0   1]
 [  0   0   0   2   0   2   0   1   0   0   0   0]
 [  0   0   3   0   1   1   0   0   0   0   0   0]
 [  2   1   4   0   2  67   0  37   1   0   1   0]
 [  5   0   0   0   0   5   2   4   6   2   0   1]
 [  0   1  24   0   2 138  10 121  18   3   0   3]
 [  5   0   5   0   0  31   8  61  30   5   0   5]
 [  0   0   0   0   0   3   0   2   0   0   0   0]
 [  1   0   1   0   3   1   0   2   0   2   0   0]
 [  6   8   3   0   2  66   0  41   0   7   0  42]]
Classification Report:
              precision    recall  f1-score     support
2              0.560181  0.308333  0.395194   24.000000
3              0.000000  0.000000  0.000000    1.000000
4              0.184911  0.137500  0.156497   16.000000
6              0.400000  0.400000  0.400000    1.000000
7              0.028571  0.200000  0.050000    1.000000
9              0.230175  0.582609  0.282910   23.000000
11             0.070000  0.080000  0.071111    5.000000
13             0.395784  0.378125  0.344815   64.000000
14             0.420494  0.200000  0.269978   30.000000
16             0.000000  0.000000  0.000000    1.000000
17             0.000000  0.000000  0.000000    2.000000
99             0.810000  0.240000  0.366700   35.000000
accuracy       0.295567  0.295567  0.295567    0.295567
macro avg      0.258343  0.210547  0.194767  203.000000
weighted avg   0.437293  0.308374  0.306912  203.000000

Model: RFC
Average Matthews Correlation Coefficient: 0.2521
Confusion Matrix:
[[ 65   0   5   0   0   8   0  18  14   0   0  10]
 [  0   0   0   0   0   2   0   2   1   0   0   0]
 [ 13   0   5   0   0   3   0  37  15   0   1   6]
 [  0   0   0   0   0   1   0   3   1   0   0   0]
 [  2   0   0   0   0   0   0   3   0   0   0   0]
 [  3   6   1   0   0  18   1  69  13   0   0   4]
 [  3   0   0   0   0   2   0   9   7   0   0   4]
 [  8   2   9   0   0  28   2 212  32   0   1  26]
 [  4   0   1   1   0   4   2  71  42   0   1  24]
 [  0   0   0   0   0   1   0   4   0   0   0   0]
 [  4   0   0   0   0   1   0   0   1   0   1   3]
 [  6   0   0   0   0   5   0  77   9   0   0  78]]
Classification Report:
              precision    recall  f1-score     support
2              0.598513  0.541667  0.560674   24.000000
3              0.000000  0.000000  0.000000    1.000000
4              0.206667  0.062500  0.094646   16.000000
6              0.000000  0.000000  0.000000    1.000000
7              0.000000  0.000000  0.000000    1.000000
9              0.238574  0.156522  0.188607   23.000000
11             0.000000  0.000000  0.000000    5.000000
13             0.419517  0.662500  0.513532   64.000000
14             0.310669  0.280000  0.292434   30.000000
16             0.000000  0.000000  0.000000    1.000000
17             0.200000  0.100000  0.133333    2.000000
99             0.506381  0.445714  0.472680   35.000000
accuracy       0.448276  0.448276  0.448276    0.448276
macro avg      0.206693  0.187409  0.187992  203.000000
weighted avg   0.381530  0.414778  0.383044  203.000000

Model: XGB
Average Matthews Correlation Coefficient: 0.2324
Confusion Matrix:
[[ 11   0   0   0  38   0   3   0   0   0   0   0]
 [  0   1   0   0   4   0   0   0   0   0   0   0]
 [  2   0   0   0   2   0   0   0   0   0   0   0]
 [  1   0   0   0  11   0   1   0   0   0   0   0]
 [ 12   0   0   2 210   0  14   0   0   0   0   0]
 [  0   0   0   0   5   0   0   0   0   0   0   0]
 [  0   2   0   0  84   0  72   0   0   0   0   0]
 [  0   0   0   0   0   0   0   0   0   0   0   0]
 [  0   0   0   0   0   0   0   0   0   0   0   0]
 [  0   0   0   0   0   0   0   0   0   0   0   0]
 [  0   0   0   0   0   0   0   0   0   0   0   0]
 [  0   0   0   0   0   0   0   0   0   0   0   0]]
Classification Report:
              precision    recall  f1-score  support
2              0.218831  0.137500  0.166142     16.0
3              0.200000  0.200000  0.200000      1.0
4              0.000000  0.000000  0.000000      1.0
6              0.000000  0.000000  0.000000      5.0
7              0.390821  0.656250  0.489346     64.0
9              0.000000  0.000000  0.000000      1.0
11             0.646905  0.411429  0.498354     35.0
13             0.000000  0.000000  0.000000      0.0
14             0.000000  0.000000  0.000000      0.0
16             0.000000  0.000000  0.000000      0.0
17             0.000000  0.000000  0.000000      0.0
99             0.000000  0.000000  0.000000      0.0
micro avg      0.412760  0.478049  0.442875    123.0
macro avg      0.121380  0.117098  0.112820    123.0
weighted avg   0.417524  0.478049  0.419665    123.0

Model: KNN
Average Matthews Correlation Coefficient: 0.1512
Confusion Matrix:
[[ 47   0   3   0   0  17   1  34   7   0   0  11]
 [  0   0   0   0   0   2   0   2   0   0   0   1]
 [  3   0   3   0   0  12   1  50   4   0   1   6]
 [  0   0   0   0   0   1   0   2   1   0   0   1]
 [  0   0   0   0   0   1   0   2   1   0   0   1]
 [  5   1   0   0   0  26   0  65   2   0   0  16]
 [  2   0   0   0   0   2   0  18   0   0   0   3]
 [  7   0   2   0   4  69   0 187  11   0   0  40]
 [  1   0   0   0   0  28   0  89  20   0   0  12]
 [  0   0   0   0   0   1   0   3   0   0   0   1]
 [  3   0   0   0   0   1   0   3   0   0   0   3]
 [  2   0   1   0   0  28   0  77  11   0   0  56]]
Classification Report:
              precision    recall  f1-score     support
2              0.677098  0.391667  0.492218   24.000000
3              0.000000  0.000000  0.000000    1.000000
4              0.400000  0.037500  0.067974   16.000000
6              0.000000  0.000000  0.000000    1.000000
7              0.000000  0.000000  0.000000    1.000000
9              0.131008  0.226087  0.147980   23.000000
11             0.000000  0.000000  0.000000    5.000000
13             0.354600  0.584375  0.430973   64.000000
14             0.350278  0.133333  0.191610   30.000000
16             0.000000  0.000000  0.000000    1.000000
17             0.000000  0.000000  0.000000    2.000000
99             0.452145  0.320000  0.334533   35.000000
accuracy       0.359606  0.359606  0.359606    0.359606
macro avg      0.197094  0.141080  0.138774  203.000000
weighted avg   0.367938  0.333990  0.302185  203.000000

