Model: BNB
Average Matthews Correlation Coefficient: 0.4098
Confusion Matrix:
[[ 81   0   0   0   1  28   4   0   1   0   4   1]
 [  0   0   0   0   0   5   0   0   0   0   0   0]
 [  6   1  19   5  10  23   4   2   9   0   1   0]
 [  0   0   0   2   0   3   0   0   0   0   0   0]
 [  1   0   0   0   4   0   0   0   0   0   0   0]
 [  6   0   2   0   0  96   0   6   5   0   0   0]
 [  1   0   2   0   1  10   5   2   1   0   2   1]
 [  9   0  17   0   5  63  12 152  45   0   2  15]
 [ 10   0   3   1   0  34   5   9  81   0   3   4]
 [  0   0   0   0   0   5   0   0   0   0   0   0]
 [  4   0   0   0   0   3   0   0   0   0   3   0]
 [ 12   0   8   0   5  81   8   6   7   0   6  42]]
Classification Report:
              precision    recall  f1-score    support
2              0.625152  0.675000  0.644830   24.00000
3              0.000000  0.000000  0.000000    1.00000
4              0.368904  0.237500  0.282388   16.00000
6              0.250000  0.400000  0.280000    1.00000
7              0.355556  0.800000  0.430476    1.00000
9              0.273197  0.834783  0.411599   23.00000
11             0.137626  0.200000  0.157357    5.00000
13             0.864510  0.475000  0.609701   64.00000
14             0.567073  0.540000  0.544248   30.00000
16             0.000000  0.000000  0.000000    1.00000
17             0.183333  0.300000  0.216667    2.00000
99             0.670238  0.240000  0.349048   35.00000
accuracy       0.467980  0.467980  0.467980    0.46798
macro avg      0.357966  0.391857  0.327193  203.00000
weighted avg   0.614035  0.477833  0.487470  203.00000

Model: RFC
Average Matthews Correlation Coefficient: 0.4768
Confusion Matrix:
[[ 92   0   0   0   0   2   0  17   4   0   1   4]
 [  0   0   0   0   0   0   0   1   0   0   0   4]
 [ 13   0  23   0   0  10   0  19   5   0   0  10]
 [  0   0   0   0   0   0   0   2   2   0   0   1]
 [  0   0   0   0   0   0   0   2   2   0   0   1]
 [  6   1   6   0   0  51   3  24   2   0   0  22]
 [  1   0   1   0   0   2   1   7   8   0   0   5]
 [  7   2   3   0   0  19   0 252   5   0   0  32]
 [  8   0   2   0   0   4   0  33  77   0   0  26]
 [  0   0   0   0   0   2   0   1   0   0   0   2]
 [  3   0   0   0   0   0   0   2   2   0   0   3]
 [ 13   1   3   0   0  11   3  37  13   0   0  94]]
Classification Report:
              precision    recall  f1-score     support
2              0.647238  0.766667  0.699733   24.000000
3              0.000000  0.000000  0.000000    1.000000
4              0.645556  0.287500  0.392638   16.000000
6              0.000000  0.000000  0.000000    1.000000
7              0.000000  0.000000  0.000000    1.000000
9              0.521824  0.443478  0.469215   23.000000
11             0.066667  0.040000  0.050000    5.000000
13             0.640165  0.787500  0.703476   64.000000
14             0.642536  0.513333  0.570523   30.000000
16             0.000000  0.000000  0.000000    1.000000
17             0.000000  0.000000  0.000000    2.000000
99             0.458103  0.537143  0.491214   35.000000
accuracy       0.596059  0.596059  0.596059    0.596059
macro avg      0.301841  0.281302  0.281400  203.000000
weighted avg   0.563932  0.581281  0.558859  203.000000

Model: XGB
Average Matthews Correlation Coefficient: 0.5113
Confusion Matrix:
[[ 29   1   0   0  19   0   5   0   0   0   0   0]
 [  2   0   0   0   0   0   1   0   0   0   0   0]
 [  0   0   0   0   1   0   2   0   0   0   0   0]
 [  2   0   0   2   9   0   3   0   0   0   0   0]
 [  7   0   0   3 254   0  25   0   0   0   0   0]
 [  1   0   0   0   0   0   4   0   0   0   0   0]
 [  8   0   0   3  23   0  90   0   0   0   0   0]
 [  0   0   0   0   0   0   0   0   0   0   0   0]
 [  0   0   0   0   0   0   0   0   0   0   0   0]
 [  0   0   0   0   0   0   0   0   0   0   0   0]
 [  0   0   0   0   0   0   0   0   0   0   0   0]
 [  0   0   0   0   0   0   0   0   0   0   0   0]]
Classification Report:
              precision    recall  f1-score  support
2              0.443254  0.362500  0.395000     16.0
3              0.000000  0.000000  0.000000      1.0
4              0.000000  0.000000  0.000000      1.0
6              0.106667  0.080000  0.090000      5.0
7              0.692925  0.793750  0.739525     64.0
9              0.000000  0.000000  0.000000      1.0
11             0.526717  0.514286  0.519815     35.0
13             0.000000  0.000000  0.000000      0.0
14             0.000000  0.000000  0.000000      0.0
16             0.000000  0.000000  0.000000      0.0
17             0.000000  0.000000  0.000000      0.0
99             0.000000  0.000000  0.000000      0.0
micro avg      0.609033  0.609756  0.609194    123.0
macro avg      0.147464  0.145878  0.145362    123.0
weighted avg   0.572421  0.609756  0.587749    123.0

Model: KNN
Average Matthews Correlation Coefficient: 0.3859
Confusion Matrix:
[[ 73   0   5   0   0  12   0  12   5   0   1  12]
 [  0   0   1   0   0   1   0   0   0   0   0   3]
 [  6   0  10   0   0  14   1  32   2   0   1  14]
 [  0   0   1   0   0   0   0   0   2   0   0   2]
 [  0   0   1   0   0   0   0   1   0   0   0   3]
 [ 11   0   5   0   0  59   1  15   3   0   0  21]
 [  1   0   4   0   0   5   0   7   4   0   2   2]
 [ 13   0   6   0   1  13   1 232  16   0   0  38]
 [  6   0   2   0   0  15   0  45  53   0   1  28]
 [  0   0   0   0   0   3   0   0   0   0   0   2]
 [  1   0   0   0   0   1   1   0   0   0   0   7]
 [  7   0   5   0   0  21   0  44   9   0   0  89]]
Classification Report:
              precision    recall  f1-score     support
2              0.628192  0.608333  0.614091   24.000000
3              0.000000  0.000000  0.000000    1.000000
4              0.250000  0.125000  0.164802   16.000000
6              0.000000  0.000000  0.000000    1.000000
7              0.000000  0.000000  0.000000    1.000000
9              0.413502  0.513043  0.455063   23.000000
11             0.000000  0.000000  0.000000    5.000000
13             0.599395  0.725000  0.654970   64.000000
14             0.562509  0.353333  0.433496   30.000000
16             0.000000  0.000000  0.000000    1.000000
17             0.000000  0.000000  0.000000    2.000000
99             0.403233  0.508571  0.449169   35.000000
accuracy       0.458128  0.458128  0.458128    0.458128
macro avg      0.238069  0.236107  0.230966  203.000000
weighted avg   0.482448  0.508374  0.485149  203.000000

