Model: BNB
Average Matthews Correlation Coefficient: 0.5038
Confusion Matrix:
[[ 89   0   1   0   0   2   0  14   0   0   0  14]
 [  0   0   0   0   0   4   0   1   0   0   0   0]
 [ 10   0  25   0   0  14   0  13   8   0   0  10]
 [  0   0   2   0   0   0   1   1   0   0   0   1]
 [  0   0   1   0   0   2   0   1   0   0   0   1]
 [  5   0   1   0   0  93   0  10   1   0   0   5]
 [  4   0   0   2   0   3   3   0   7   0   0   6]
 [  9   0   7   0   0   4   0 266  24   0   0  10]
 [  6   0  11   0   0   4   0  16 104   0   0   9]
 [  0   0   0   0   0   0   0   3   0   0   0   2]
 [  2   0   0   0   0   1   0   1   0   0   0   6]
 [ 16   0  16   1   0  27   7  59  22   0   0  27]]
Classification Report:
              precision    recall  f1-score    support
2              0.632893  0.741667  0.682505   24.00000
3              0.000000  0.000000  0.000000    1.00000
4              0.408730  0.312500  0.345006   16.00000
6              0.000000  0.000000  0.000000    1.00000
7              0.000000  0.000000  0.000000    1.00000
9              0.605860  0.808696  0.689928   23.00000
11             0.333333  0.120000  0.166667    5.00000
13             0.690936  0.831250  0.754156   64.00000
14             0.632861  0.693333  0.660068   30.00000
16             0.000000  0.000000  0.000000    1.00000
17             0.000000  0.000000  0.000000    2.00000
99             0.294167  0.154286  0.201543   35.00000
accuracy       0.620690  0.620690  0.620690    0.62069
macro avg      0.299898  0.305144  0.291656  203.00000
weighted avg   0.545971  0.598030  0.560216  203.00000

Model: RFC
Average Matthews Correlation Coefficient: 0.5488
Confusion Matrix:
[[ 99   0   0   0   0   1   0  11   0   0   0   9]
 [  0   0   0   0   0   1   0   0   0   0   0   4]
 [  9   0  21   0   0  11   0  24   1   0   0  14]
 [  0   0   1   0   0   0   0   0   3   0   0   1]
 [  0   0   0   0   0   0   0   1   1   0   0   3]
 [  6   0   1   0   0  62   0  11   0   0   0  35]
 [  4   0   0   0   0   3   1   7   6   0   0   4]
 [  5   0   0   0   0   1   1 280   5   0   0  28]
 [  5   0   1   0   0   1   0  22  98   1   0  22]
 [  0   0   0   0   0   0   0   0   0   0   0   5]
 [  0   0   2   0   0   0   0   2   0   0   0   6]
 [ 15   0   8   0   2   6   0  28  27   0   2  87]]
Classification Report:
              precision    recall  f1-score     support
2              0.695293  0.825000  0.752534   24.000000
3              0.000000  0.000000  0.000000    1.000000
4              0.625079  0.262500  0.363147   16.000000
6              0.000000  0.000000  0.000000    1.000000
7              0.000000  0.000000  0.000000    1.000000
9              0.725358  0.539130  0.616875   23.000000
11             0.200000  0.040000  0.066667    5.000000
13             0.729654  0.875000  0.793929   64.000000
14             0.701329  0.653333  0.672784   30.000000
16             0.000000  0.000000  0.000000    1.000000
17             0.000000  0.000000  0.000000    2.000000
99             0.398947  0.497143  0.442082   35.000000
accuracy       0.655172  0.655172  0.655172    0.655172
macro avg      0.339638  0.307676  0.309001  203.000000
weighted avg   0.621046  0.638424  0.615076  203.000000

Model: XGB
Average Matthews Correlation Coefficient: 0.6114
Confusion Matrix:
[[ 47   0   0   0  10   0  13   0   0   0   0   0]
 [  2   0   0   0   0   0   1   0   0   0   0   0]
 [  0   0   0   0   1   0   4   0   0   0   0   0]
 [  4   0   0   1   6   0   3   0   0   0   0   0]
 [  4   0   0   3 274   0  24   0   0   0   0   0]
 [  1   0   0   0   1   0   3   0   0   0   0   0]
 [  7   0   1   1  14   0  98   0   0   0   0   0]
 [  0   0   0   0   0   0   0   0   0   0   0   0]
 [  0   0   0   0   0   0   0   0   0   0   0   0]
 [  0   0   0   0   0   0   0   0   0   0   0   0]
 [  0   0   0   0   0   0   0   0   0   0   0   0]
 [  0   0   0   0   0   0   0   0   0   0   0   0]]
Classification Report:
              precision    recall  f1-score  support
2              0.650833  0.587500  0.616087     16.0
3              0.000000  0.000000  0.000000      1.0
4              0.000000  0.000000  0.000000      1.0
6              0.066667  0.040000  0.050000      5.0
7              0.824852  0.856250  0.838710     64.0
9              0.000000  0.000000  0.000000      1.0
11             0.455880  0.560000  0.501769     35.0
13             0.000000  0.000000  0.000000      0.0
14             0.000000  0.000000  0.000000      0.0
16             0.000000  0.000000  0.000000      0.0
17             0.000000  0.000000  0.000000      0.0
99             0.000000  0.000000  0.000000      0.0
micro avg      0.670016  0.682927  0.676399    123.0
macro avg      0.166519  0.170313  0.167214    123.0
weighted avg   0.646284  0.682927  0.661356    123.0

Model: KNN
Average Matthews Correlation Coefficient: 0.2091
Confusion Matrix:
[[ 42   0   5   0   0  11   0  42   2   0   0  18]
 [  0   0   0   0   0   0   0   4   0   0   0   1]
 [ 13   1  11   0   0   7   0  24   1   0   0  23]
 [  0   0   1   1   0   0   0   2   0   0   0   1]
 [  1   0   0   0   0   0   0   3   0   0   0   1]
 [ 12   0   6   0   0  27   0  38   4   0   0  28]
 [  5   0   1   0   0   5   1   7   2   0   1   3]
 [ 34   2   5   0   0  43   0 184  13   0   0  39]
 [  4   0   4   0   0  13   0  57  50   0   0  22]
 [  0   0   0   0   0   2   0   0   0   0   0   3]
 [  1   0   1   0   0   2   0   5   0   0   0   1]
 [ 18   3   7   0   0  15   0  56  13   0   0  63]]
Classification Report:
              precision    recall  f1-score    support
2              0.327178  0.350000  0.335399   24.00000
3              0.000000  0.000000  0.000000    1.00000
4              0.268254  0.137500  0.180964   16.00000
6              0.200000  0.200000  0.200000    1.00000
7              0.000000  0.000000  0.000000    1.00000
9              0.214272  0.234783  0.223526   23.00000
11             0.200000  0.040000  0.066667    5.00000
13             0.438185  0.575000  0.496630   64.00000
14             0.605347  0.333333  0.428252   30.00000
16             0.000000  0.000000  0.000000    1.00000
17             0.000000  0.000000  0.000000    2.00000
99             0.310311  0.360000  0.332688   35.00000
accuracy       0.379310  0.379310  0.379310    0.37931
macro avg      0.213629  0.185885  0.188677  203.00000
weighted avg   0.371122  0.373399  0.359091  203.00000

