Model: BNB
Average Matthews Correlation Coefficient: 0.0496
Confusion Matrix:
[[21 31  2  2 13 16  0  0  0  0 34  1]
 [ 0  2  0  0  1  1  0  0  0  0  0  1]
 [ 9  5  5  4  1 12  1  0  2  0 37  4]
 [ 1  1  0  0  0  0  1  0  1  0  1  0]
 [ 0  3  0  0  0  1  0  0  0  0  0  1]
 [10 38  3  3  8 33  1  1  3  4 10  1]
 [ 0  1  0  1  0  5  0  2  2  1 12  1]
 [18 89  1 10  9 76 10  7 14 17 47 22]
 [10 28  3 12  2 26  3  1  9  5 42  9]
 [ 0  0  0  2  0  0  0  1  2  0  0  0]
 [ 0  0  0  0  0  1  1  0  0  0  8  0]
 [12 47  1  7  8 41  5  3  5  6 26 14]]
Classification Report:
              precision    recall  f1-score     support
2              0.252277  0.175000  0.204686   24.000000
3              0.013193  0.400000  0.025263    1.000000
4              0.285714  0.062500  0.096618   16.000000
6              0.000000  0.000000  0.000000    1.000000
7              0.000000  0.000000  0.000000    1.000000
9              0.134917  0.286957  0.165956   23.000000
11             0.000000  0.000000  0.000000    5.000000
13             0.325000  0.021875  0.039899   64.000000
14             0.224286  0.060000  0.093001   30.000000
16             0.000000  0.000000  0.000000    1.000000
17             0.038822  0.800000  0.073951    2.000000
99             0.262475  0.080000  0.119530   35.000000
accuracy       0.059113  0.059113  0.059113    0.059113
macro avg      0.128057  0.157194  0.068242  203.000000
weighted avg   0.248942  0.097537  0.098402  203.000000

Model: KNN
Average Matthews Correlation Coefficient: 0.1532
Confusion Matrix:
[[ 66   0  15   0   0   8   0  24   2   0   0   5]
 [  0   0   0   0   0   1   0   4   0   0   0   0]
 [ 24   0   6   0   0  11   2  19  11   0   0   7]
 [  0   0   1   0   0   0   0   3   1   0   0   0]
 [  0   0   0   0   0   0   0   4   0   0   0   1]
 [ 11   0   3   1   0  29   1  60   4   0   0   6]
 [  2   0   8   0   0   7   0   1   5   0   0   2]
 [ 42   1  17   2   0  43   0 160  18   0   0  37]
 [ 18   0  21   2   0  14   0  48  38   0   0   9]
 [  0   0   0   0   0   0   0   2   3   0   0   0]
 [  5   0   2   0   0   0   0   1   2   0   0   0]
 [ 22   1  11   0   0  22   0  80  13   0   0  26]]
Classification Report:
              precision    recall  f1-score     support
2              0.345057  0.550000  0.423650   24.000000
3              0.000000  0.000000  0.000000    1.000000
4              0.065157  0.075000  0.068831   16.000000
6              0.000000  0.000000  0.000000    1.000000
7              0.000000  0.000000  0.000000    1.000000
9              0.221359  0.252174  0.233333   23.000000
11             0.000000  0.000000  0.000000    5.000000
13             0.392162  0.500000  0.438353   64.000000
14             0.390600  0.253333  0.306680   30.000000
16             0.000000  0.000000  0.000000    1.000000
17             0.000000  0.000000  0.000000    2.000000
99             0.276942  0.148571  0.191002   35.000000
accuracy       0.285714  0.285714  0.285714    0.285714
macro avg      0.140940  0.148257  0.138487  203.000000
weighted avg   0.300120  0.320197  0.298402  203.000000

Model: RFC
Average Matthews Correlation Coefficient: 0.2142
Confusion Matrix:
[[ 57   0  10   0   0  11   0  23  10   0   0   9]
 [  0   0   0   0   0   0   0   2   0   0   0   3]
 [ 21   0  11   0   0   8   2  22   7   0   1   8]
 [  0   0   0   0   0   0   0   4   0   0   0   1]
 [  0   0   0   0   0   0   0   2   1   0   0   2]
 [ 10   2  10   0   0  23   3  41  11   0   0  15]
 [  0   0   1   1   0   2   1   8   6   0   0   6]
 [ 14   3  13   1   0  25   5 177  35   0   1  46]
 [ 12   0  10   2   0   8   5  52  46   0   0  15]
 [  0   0   0   0   0   2   0   1   0   0   0   2]
 [  3   0   0   0   0   0   0   5   1   0   0   1]
 [ 10   0  12   0   1  17   6  52  16   0   0  61]]
Classification Report:
              precision    recall  f1-score     support
2              0.449571  0.475000  0.459763   24.000000
3              0.000000  0.000000  0.000000    1.000000
4              0.164949  0.137500  0.148687   16.000000
6              0.000000  0.000000  0.000000    1.000000
7              0.000000  0.000000  0.000000    1.000000
9              0.244829  0.200000  0.217756   23.000000
11             0.025000  0.040000  0.030769    5.000000
13             0.455924  0.553125  0.497709   64.000000
14             0.350681  0.306667  0.324374   30.000000
16             0.000000  0.000000  0.000000    1.000000
17             0.000000  0.000000  0.000000    2.000000
99             0.366216  0.348571  0.353716   35.000000
accuracy       0.369458  0.369458  0.369458    0.369458
macro avg      0.171431  0.171739  0.169398  203.000000
weighted avg   0.353212  0.370443  0.357341  203.000000

